0,0.0
1,3.297743469957824e-05
2,0.00015377812514886767
3,0.000393392632094893
4,0.0007793392360850285
5,0.001334725652265869
6,0.002077731903875254
7,0.003021450585605097
8,0.004174000691797124
9,0.005538841161304326
10,0.0071152141374340346
11,0.008898664759029203
12,0.010881592974273857
13,0.013053810059522145
14,0.015403074270387276
15,0.01791559253029237
16,0.020576478299855705
17,0.023370160968999795
18,0.026280742511187217
19,0.029292311117099946
20,0.03238919575609813
21,0.03555618179148922
22,0.038778682781207156
23,0.04204287404111797
24,0.04533579206712604
25,0.048645403875052985
26,0.05196065030601179
27,0.055271467063012926
28,0.05856878695713838
29,0.061844526607060475
30,0.06509156093445688
31,0.06830368727199974
32,0.07147558204278451
33,0.07460275186478006
34,0.07768148083208691
35,0.08070877546600526
36,0.083682308591592
37,0.08660036318040999
38,0.08946177700762326
39,0.09226588880094645
40,0.09501248640927794
41,0.09770175738887232
42,0.10033424229321228
43,0.10291079085777208
44,0.10543252119104735
45,0.10790078201744234
46,0.11031711797140076
47,0.11268323785135588
48,0.11500098581859491
49,0.11727231535939145
50,0.11949926590310284
51,0.1216839419545511
52,0.12382849458170998
53,0.12593510509867836
54,0.12800597078250778
55,0.13004329246372826
56,0.13204926383382543
57,0.1340260623179867
58,0.13597584136775018
59,0.13790072403539885
60,0.13980279769977658
61,0.14168410982139187
62,0.1435466646130511
63,0.14539242052064644
64,0.14722328841698104
65,0.14904113041957595
66,0.15084775925114802
67,0.1526449380688691
68,0.15443438069551907
69,0.1562177521922707
70,0.15799666948247387
71,0.15977270321065615
72,0.16154737822182644
73,0.1633221753091058
74,0.16509853279160858
75,0.16687784818707022
76,0.16866147995336248
77,0.17045074927641854
78,0.17224694188510667
79,0.1740513098763357
80,0.1758650735361147
81,0.17768942314446864
82,0.17952552075402958
83,0.1813745018457748
84,0.1832374769567247
85,0.18511553379870127
86,0.18700973850135094
87,0.1889211372436428
88,0.19085075771474405
89,0.19279961054430983
90,0.19476869067178876
91,0.19675897865405553
92,0.19877144191110369
93,0.20080703590990895
94,0.20286670528685494
95,0.20495138490934306
96,0.20706200087738258
97,0.2091994714660732
98,0.21136470800997262
99,0.21355861573038076
100,0.2157820945065709
101,0.2180360395919734
102,0.2203213422762628
103,0.22263889049421767
104,0.22498956937509643
105,0.22737426176978195
106,0.22979384867993857
107,0.23224920958542
108,0.23474122287073962
109,0.2372707662252929
110,0.23983871680130922
111,0.24244595141301634
112,0.24509334668419885
113,0.24778177914347949
114,0.25051212526646716
115,0.253285261463739
116,0.25610206401345453
117,0.25896340893723674
118,0.26187017181781214
119,0.2648232275567676
120,0.26782345007066427
121,0.270871711923671
122,0.2739688838948008
123,0.2771158344778193
124,0.2803134293118791
125,0.2835625305409929
126,0.2868639961005325
127,0.2902186789290799
128,0.29362742608273956
129,0.29709107779412214
130,0.30061046641962774
131,0.3041864153057523
132,0.30781973795075945
133,0.311511236490939
134,0.31526170042944557
135,0.31907190504928795
136,0.32294261010196884
137,0.32687455819893685
138,0.33086847319188073
139,0.33492505849172755
140,0.3390449953323884
141,0.34322894098636536
142,0.3474775269404271
143,0.351791357040703
144,0.35617100561767834
145,0.360617015602725
146,0.3651298966489108
147,0.36971012326990876
148,0.37435813301182874
149,0.3790743246737077
150,0.3838590565931937
151,0.388712645014606
152,0.39363536255705045
153,0.3986274368068017
154,0.4036890490245332
155,0.40882033302164733
156,0.4140213742578325
157,0.4192922090537262
158,0.424632823986018
159,0.43004315549573385
160,0.43552308997761674
161,0.4410724639056271
162,0.4466910640821319
163,0.45237862836659365
164,0.4581348466083361
165,0.4639593618530571
166,0.4698517718244671
167,0.4758116306800202
168,0.4818384510373219
169,0.4879317062654424
170,0.4940908330331336
171,0.5003152341038233
172,0.5066042813653352
173,0.5129573190805516
174,0.5193736673437622
175,0.5258526257261898
176,0.5323934772786765
177,0.53899549276162
178,0.5456579336875025
179,0.5523800571735307
180,0.5591611200985656
181,0.5660003839313605
182,0.5728971188010962
183,0.5798506081131382
184,0.5868601531042282
185,0.593925077385739
186,0.6010447314995746
187,0.6082184974661528
188,0.6154457933148917
189,0.6227260775893766
190,0.6300588538211919
191,0.6374436749682935
192,0.6448801478157341
193,0.6523679373385205
194,0.6599067710284138
195,0.6674964431738672
196,0.6751368191584598
197,0.6828278396697112
198,0.6905695248677721
199,0.698361978881937
200,0.7062053939229649
201,0.7141000545863347
202,0.7220463422115668
203,0.7300447393194037
204,0.7380958341640856
205,0.7462003253291734
206,0.7543590266607212
207,0.7625728722253864
208,0.7708429215364467
209,0.7791703650267409
210,0.7875565297975994
211,0.7960028856694635
212,0.8045110515539499
213,0.8130828021574666
214,0.8217200750120398
215,0.8304249778079619
216,0.8391997959734174
217,0.8480470004055959
218,0.8569692552029883
219,0.8659694251756417
220,0.8750505828144554
221,0.8842160122046728
222,0.8934692165461648
223,0.9028139194532003
224,0.9122540631762244
225,0.9217938024342851
226,0.9314374917504833
227,0.9411896641185431
228,0.9510549982973845
229,0.9610382714099194
230,0.971144292808808
231,0.9813778143669537
232,0.9917434115387336
233,1.0022452835772087
234,1.0128803464233869
235,1.0236311877561743
236,1.0344794217047983
237,1.045407590860911
238,1.0563990021920577
239,1.0674375944555934
240,1.0785078142044224
241,1.089594500371893
242,1.1006827777002293
243,1.1117579595211446
244,1.1228054606201896
245,1.133810721122009
246,1.1447591468103142
247,1.1556360510126016
248,1.1664266217777635
249,1.1771159027314155
250,1.187688788174958
251,1.1981300489609608
252,1.208424360629664
253,1.218556363822347
254,1.2285107424909345
255,1.2382723223033145
256,1.2478261879663421
257,1.2571578167759212
258,1.2662532297774338
259,1.2750991416970867
260,1.2836831321257938
261,1.2919938050701796
262,1.300020945735885
263,1.3077556655392588
264,1.315190529768547
265,1.3223196630754042
266,1.329138829712529
267,1.3356455127973836
268,1.3418388037379536
269,1.347719521810908
270,1.3532901180632202
271,1.3585545969625068
272,1.363518412056582
273,1.3681883399018717
274,1.3725723371002971
275,1.3766793949838212
276,1.380519347856499
277,1.384102743447671
278,1.3874406684514762
279,1.3905445952645408
280,1.393426251439199
281,1.3960974414582281
282,1.3985699571132033
283,1.4008555020634708
284,1.402965553053136
285,1.404911299501966
286,1.4067035804900418
287,1.4083528216746333
288,1.4098690360657948
289,1.41126175915453
290,1.4125400439803926
291,1.4137124515312378
292,1.4147870492564731
293,1.415771414887252
294,1.4166726453170495
295,1.4174973694037918
296,1.4182517638245864
297,1.4189415712198958
298,1.4195721199670548
299,1.4201483450205308
300,1.4206748093465442
301,1.4211557255615135
302,1.4215949774568795
303,1.4219961411571453
304,1.422362505713775
305,1.4226970929854508
306,1.4230026766957045
307,1.4232818005928778
308,1.4235367956654024
309,1.4237697963882976
310,1.4239827559951974
311,1.4241774607848081
312,1.4243555434820154
313,1.4245184956824473
314,1.424667679415582
315,1.4248043378659114
316,1.4249296052945217
317,1.4250445162050875
318,1.425150013798896
319,1.4252469577633757
320,1.4253361314378463
321,1.425418248398993
322,1.4254939585070379
323,1.4255638534517943
324,1.4256284718358547
325,1.4256883038301509
326,1.425743795435044
327,1.4257953523780582
328,1.4258433436773106
329,1.425888104897743
330,1.4259299411253106
331,1.4259691296824888
332,1.4260059226066908
333,1.426040548911562
334,1.4260732166495564
335,1.4261041147927511
336,1.4261334149474938
337,1.4261612729172135
338,1.4261878301265547
339,1.426213214918893
340,1.426237543738292
341,1.4262609222060207
342,1.4262834461009013
343,1.426305202251958
344,1.4263262693511074
345,1.4263467186929717
346,1.42636661484828
347,1.42638601627675
348,1.426404975884842
349,1.4264235415332915
350,1.4264417564989085
351,1.4264596598947323
352,1.4264772870522358
353,1.4264946698690102
354,1.4265118371250145
355,1.4265288147702055
356,1.4265456261861171
357,1.4265622924237285
358,1.4265788324197535
359,1.4265952631932866
360,1.4266116000245814
361,1.4266278566175614
362,1.4266440452475333
363,1.426660176895437
364,1.4266762613698436
365,1.4266923074178073
366,1.4267083228255795
367,1.4267243145100996
368,1.4267402886020948
369,1.4267562505215472
370,1.4267722050462244
371,1.4267881563738927
372,1.4268041081787937
373,1.4268200636628952
374,1.4268360256024017
375,1.4268519963899442
376,1.4268679780728475
377,1.426883972387832
378,1.4268999807924694
379,1.4269160044936953
380,1.4269320444736406
381,1.4269481015130312
382,1.4269641762123744
383,1.4269802690111357
384,1.4269963802050936
385,1.4270125099620343
386,1.4270286583359408
387,1.4270448252798167
388,1.427061010657267
389,1.4270772142529569
390,1.4270934357785137
391,1.4271096748879188
392,1.427125931182486
393,1.4271422042170476
394,1.4271584935061734
395,1.4271747985297554
396,1.4271911187380295
397,1.4272074535560793
398,1.4272238023878752
399,1.4272401646198896
400,1.4272565396243317
