0,0.0
1,0.005724700836118403
2,0.014134722726362929
3,0.025137568338449063
4,0.03857713870739471
5,0.05425707523258848
6,0.07196015005144968
7,0.0914630148120889
8,0.11254657853260078
9,0.1350027083001811
10,0.158638128665863
11,0.18327628420009826
12,0.208757841208053
13,0.23494027304082196
14,0.26169694716279773
15,0.28891592195770577
16,0.3164986272049178
17,0.34435853580911413
18,0.3724198759529388
19,0.4006164677533404
20,0.42889060595210315
21,0.4571920868969953
22,0.4854773308494495
23,0.5137086030483528
24,0.5418533254999954
25,0.5698834706790956
26,0.5977750285802838
27,0.6255075386382334
28,0.6530636786770893
29,0.6804289039556984
30,0.707591130801495
31,0.7345404577325421
32,0.7612689204903245
33,0.7877702763610728
34,0.8140398140793982
35,0.840074186087862
36,0.8658712603473121
37,0.8914299892607022
38,0.9167502935931667
39,0.9418329595489215
40,0.9666795474062851
41,0.9912923103204825
42,1.0156741220841754
43,1.0398284127916018
44,1.0637591114870963
45,1.087470594997475
46,1.1109676422842312
47,1.134255393532964
48,1.1573393137341448
49,1.1802251600316556
50,1.2029189525111725
51,1.2254269480734237
52,1.247755617058977
53,1.2699116223390468
54,1.2919018006194631
55,1.3137331457333925
56,1.3354127937232438
57,1.3569480095339135
58,1.378346175158545
59,1.3996147790946027
60,1.4207614069827037
61,1.441793733313466
62,1.4627195140989335
63,1.4835465804150838
64,1.5042828327306592
65,1.5249362359453187
66,1.54551481506689
67,1.5660266514635623
68,1.5864798796320978
69,1.6068826844279311
70,1.6272432977667293
71,1.6475699995612625
72,1.6678711130055555
73,1.6881550042417042
74,1.7084300812145439
75,1.7287047927340264
76,1.7489876277111502
77,1.769287114534908
78,1.789611820558861
79,1.809970351667095
80,1.830371351890106
81,1.8508235030417879
82,1.8713355243490029
83,1.8919161713440675
84,1.9125742346687686
85,1.9333185431121862
86,1.9541579604676362
87,1.9751013851277623
88,1.9961577489305071
89,2.0173360159390095
90,2.0386451809809047
91,2.0600942679148293
92,2.0816923275905443
93,2.103448435467914
94,2.125371688858341
95,2.147471203750711
96,2.1697561111821084
97,2.1922355531116717
98,2.214918677753937
99,2.2378146343259315
100,2.260932567160011
101,2.2842816091321643
102,2.3078708743531453
103,2.3317094500673585
104,2.3558063876199786
105,2.380170692850667
106,2.4048113149992543
107,2.4297371340718463
108,2.4549569486193437
109,2.480479462602888
110,2.506313269107402
111,2.5324668336469514
112,2.558948476085814
113,2.585766351103057
114,2.6129284271288378
115,2.6404424636818646
116,2.6683159870396307
117,2.696556264176215
118,2.725170274906987
119,2.7541646821853787
120,2.7835458005043163
121,2.813319562364269
122,2.84349148278098
123,2.8740666218194653
124,2.905049545156594
125,2.9364442826930097
126,2.9682542852562364
127,3.000482379460952
128,3.0331307206504867
129,3.0662007443909687
130,3.0996931169538215
131,3.133607684162008
132,3.167943419048342
133,3.202698368365382
134,3.2378695995481563
135,3.273453145714233
136,3.30944395384179
137,3.3458358318681367
138,3.3826213975900576
139,3.4197920294659454
140,3.4573378199377403
141,3.495247531935596
142,3.5335085592686233
143,3.5721068916391694
144,3.611027085044394
145,3.6502522383455624
146,3.6897639767907564
147,3.7295424432688487
148,3.7695662980499622
149,3.8098127277288523
150,3.850257464031467
151,3.8908748130704964
152,3.931637695542625
153,3.9725176979274583
154,4.013485136150171
155,4.054509133731192
156,4.095557704616134
157,4.136597848625817
158,4.177595662998475
159,4.218516461874998
160,4.259324911487809
161,4.299985148325954
162,4.340460943611455
163,4.380715848360896
164,4.420713349613099
165,4.460417029933178
166,4.499790728558102
167,4.538798702490943
168,4.577405785826307
169,4.6155775455987
170,4.65328043248969
171,4.690481924807202
172,4.727150664259702
173,4.763256582185887
174,4.798771015063429
175,4.833666808303377
176,4.867918413747791
177,4.90150197349474
178,4.9343953494852695
179,4.966578198958912
180,4.998032005859121
181,5.028740120655229
182,5.0586877558072985
183,5.087861989017916
184,5.116251750579182
185,5.143847799060446
186,5.170642687332297
187,5.196630719607931
188,5.221807900523509
189,5.246171877303757
190,5.269721876063187
191,5.2924586332790025
192,5.314384323441413
193,5.335502483843024
194,5.35581793741411
195,5.375336714486991
196,5.3940659742210055
197,5.41201392682686
198,5.429189757415867
199,5.4456035461584245
200,5.461266196959341
201,5.476189366135658
202,5.490385393828797
203,5.5038672384175555
204,5.516648412219678
205,5.528742928237006
206,5.54016523887725
207,5.550930185791053
208,5.561052951389187
209,5.570549013897457
210,5.579434105912781
211,5.5877241764017365
212,5.595435356065358
213,5.602583925980639
214,5.609186289419967
215,5.6152589467438485
216,5.620818473259906
217,5.625881499941457
218,5.630464696901889
219,5.634584759526211
220,5.638258397167752
221,5.641502314436998
222,5.644333221500036
223,5.646767825222686
224,5.6488228254039985
225,5.650514915298972
226,5.65186078437166
227,5.652877123250248
228,5.653580630855509
229,5.653988023666952
230,5.654116047074613
231,5.653981488735764
232,5.653601193851188
233,5.6529920006103405
234,5.652161886091925
235,5.651100728055877
236,5.6497978830197635
237,5.648244618119416
238,5.646433897088699
239,5.644360193037536
240,5.64201932127388
241,5.63940828999298
242,5.63652516687899
243,5.633368959868561
244,5.629939510512154
245,5.626237398537122
246,5.622263855854445
247,5.618020690188718
248,5.613510216592312
249,5.608735195679838
250,5.6036987784264385
251,5.598404455313498
252,5.592856011616597
253,5.587057486545639
254,5.581013136285731
255,5.574727400481461
256,5.568204871794813
257,5.5614502683489055
258,5.554468407762183
259,5.547264185882848
260,5.539842554125885
261,5.53220850101021
262,5.5243670348649285
263,5.5163231682085545
264,5.508081903770473
265,5.499648222151738
266,5.491027068733998
267,5.482223286595154
268,5.473241756044334
269,5.464087256765439
270,5.454764499396454
271,5.445278119814308
272,5.435632674416239
273,5.425832636333224
274,5.415882392507461
275,5.405786243734807
276,5.395548395355166
277,5.385172966864849
278,5.374663986176385
279,5.3640253909961615
280,5.353261034302995
281,5.342374670532413
282,5.331369967350646
283,5.320250516325462
284,5.309019820370335
285,5.297681300678993
286,5.286238298785685
287,5.274694079291565
288,5.263051829502852
289,5.251314664819022
290,5.239485629655347
291,5.227567699513281
292,5.215563783138284
293,5.203476724536274
294,5.19130930494899
295,5.179064244761106
296,5.166744205335337
297,5.154351790773456
298,5.141889549602493
299,5.129359976386434
300,5.116765513264634
301,5.104108551418827
302,5.09139143247106
303,5.078616449815306
304,5.065785849885717
305,5.052901833364637
306,5.039966556333559
307,5.026982131370261
308,5.013950628595266
309,5.000874076670734
310,4.987754463754787
311,4.974593738414124
312,4.9613938104977064
313,4.94815655197405
314,4.934883797734634
315,4.9215773463656936
316,4.908238960890543
317,4.894870369484453
318,4.881473266163944
319,4.868049311452204
320,4.85460013302227
321,4.841127326319408
322,4.827632455164106
323,4.814117052336911
324,4.800582620146223
325,4.787030630980223
326,4.7734625278437965
327,4.759879724881418
328,4.746283607886785
329,4.732675534799973
330,4.719056836192799
331,4.705428815743026
332,4.691792750697982
333,4.6781498923281335
334,4.664501466371101
335,4.650848673466575
336,4.637192689582485
337,4.623534666432905
338,4.609875731887926
339,4.596216990375899
340,4.582559523278278
341,4.568904389317405
342,4.555252624937395
343,4.541605244678428
344,4.527963241544617
345,4.514327587365667
346,4.500699233152505
347,4.487079109447022
348,4.473468126666138
349,4.459867175440291
350,4.446277126946502
351,4.43269883323621
352,4.419133127557805
353,4.405580824674163
354,4.392042721175212
355,4.378519595785661
356,4.365012209667967
357,4.351521306720591
358,4.338047613871758
359,4.324591841368658
360,4.311154683062214
361,4.297736816687534
362,4.284338904140063
363,4.270961591747545
364,4.257605510537836
365,4.2442712765026425
366,4.230959490857249
367,4.2176707402963025
368,4.204405597245676
369,4.191164620110536
370,4.177948353519586
371,4.164757328565616
372,4.151592063042365
373,4.138453061677762
374,4.125340816363599
375,4.112255806381679
376,4.0991984986264995
377,4.0861693478245025
378,4.073168796749955
379,4.060197276437495
380,4.047255206391394
381,4.034342994791574
382,4.021461038696437
383,4.0086097242425405
384,3.9957894268411547
385,3.9830005113717672
386,3.9702433323725477
387,3.9575182342278445
388,3.944825551352725
389,3.9321656083746257
390,3.9195387388546905
391,3.9069452293613383
392,3.8943853762016225
393,3.8818594665936734
394,3.8693677788344076
395,3.856910582464564
396,3.844488138431108
397,3.8321006992470408
398,3.819748509148648
399,3.8074318042502275
400,3.795150812696319
