0,0.0
1,0.16332737618957596
2,0.32632218420454745
3,0.48734164832420024
4,0.6450929283327983
5,0.7985976448343488
6,0.9471476835048304
7,1.0902588214620395
8,1.2276269398968567
9,1.359089177680243
10,1.4845910831594349
11,1.6041596917727354
12,1.7178820339070349
13,1.825888227631559
14,1.9283384259406602
15,2.025412834016637
16,2.1173041619162256
17,2.2042119706515
18,2.2863385068937614
19,2.3638855649220005
20,2.437052335256804
21,2.506033810903135
22,2.5710197024090515
23,2.6321937183406234
24,2.689733118234763
25,2.743808469329186
26,2.7945835523820923
27,2.8422153767125673
28,2.8868542745957906
29,2.9286440523373662
30,2.9677221741108313
31,3.0042199779691243
32,3.038262904946267
33,3.0699707364677464
34,3.099457834669459
35,3.1268333816657896
36,3.152201614904679
37,3.17566205658287
38,3.197309735729788
39,3.217235402050545
40,3.2355257309827987
41,3.2522635196958722
42,3.2675278739643345
43,3.2813943859980825
44,3.2939353034192336
45,3.305219689663409
46,3.3153135763255936
47,3.324280106880612
48,3.332179673996839
49,3.339070048682446
50,3.3450065027849676
51,3.350041925240244
52,3.3542269322428755
53,3.357609971680609
54,3.3602374221591
55,3.3621536869266384
56,3.3634012829909343
57,3.3640209257026235
58,3.364051609062994
59,3.36353068199669
60,3.362493920814263
61,3.360975598074121
62,3.359008548039117
63,3.3566242289095443
64,3.3538527820014625
65,3.3507230880276953
66,3.3472628206275967
67,3.343498497281622
68,3.339455527736997
69,3.335158260062191
70,3.3306300207307187
71,3.325893167977411
72,3.320969118973503
73,3.3158783917975287
74,3.310640641127193
75,3.305274692110993
76,3.2997985724899386
77,3.2942295430348487
78,3.2885841263595443
79,3.2828781341659803
80,3.2771266929729723
81,3.271344268376104
82,3.2655446878823127
83,3.2597411613321325
84,3.25394630022713
85,3.248172141925493
86,3.2424301626899372
87,3.2367312951895943
88,3.2310859430750605
89,3.225503994768625
90,3.219994836057293
91,3.2145673615039048
92,3.2092299846888483
93,3.2039906472925463
94,3.198856827026403
95,3.1938355444177327
96,3.188933368452019
97,3.184156421073917
98,3.179510380546603
99,3.175000483667488
100,3.1706315268368863
101,3.1664078659751302
102,3.1623334152827383
103,3.158411644837724
104,3.154645576897145
105,3.1510377815493285
106,3.1475903703700903
107,3.1443049893366153
108,3.141182810813474
109,3.1382245241480016
110,3.135430324810346
111,3.1327999025700013
112,3.1303324285160183
113,3.1280265409414723
114,3.12588033012041
115,3.1238913220144733
116,3.122056460956815
117,3.1203720913728805
118,3.1188339386112673
119,3.117437088973294
120,3.11617596904717
121,3.1150443244719304
122,3.114035198277508
123,3.1131409089706423
124,3.1123530285616257
125,3.1116623607542224
126,3.111058919550318
127,3.1105319085517955
128,3.110069701252266
129,3.1096598227344567
130,3.1092889348008006
131,3.1089428220653073
132,3.108606374258853
133,3.1082635811439125
134,3.10789752684507
135,3.1074903904091173
136,3.1070234482996217
137,3.1064770838672615
138,3.1058308023499985
139,3.105063252376869
140,3.1041522545671976
141,3.1030748377983057
142,3.101807283683145
143,3.1003251797530775
144,3.09860348177922
145,3.0966165855870793
146,3.0943384086231545
147,3.0917424814181405
148,3.0888020489598595
149,3.0854901818404676
150,3.081779896878485
151,3.0776442867387153
152,3.0730566578850067
153,3.0679906755885753
154,3.0624205165613727
155,3.056321028512462
156,3.049667887105727
157,3.0424377576720536
158,3.0346084607147943
159,3.026159134093583
160,3.01707039442794
161,3.007324473791531
162,2.9969053814814646
163,2.985799032996473
164,2.9739933730804164
165,2.961478485107476
166,2.948246685095614
167,2.9342925988406705
168,2.9196132209083006
169,2.904207954499356
170,2.8880786315089066
171,2.8712295124222558
172,2.8536672660237836
173,2.8354009292275255
174,2.8164418476625785
175,2.79680359795319
176,2.776501888761795
177,2.7555544425529206
178,2.7339808965780508
179,2.7118026525365466
180,2.689042733200829
181,2.6657256189313445
182,2.6418770947807606
183,2.6175240836959457
184,2.5926944793802047
185,2.5674169799383204
186,2.5417209230704962
187,2.5156361247208454
188,2.489192722669079
189,2.4624210263734163
190,2.4353513741833717
191,2.4080139988483045
192,2.3804389020562193
193,2.352655738551488
194,2.3246937102034098
195,2.2965814711049863
196,2.2683470404995076
197,2.240017727625637
198,2.2116200666879653
199,2.1831797606468686
200,2.1547216349497287
201,2.1262695997489174
202,2.0978466204194532
203,2.0694746958318784
204,2.0411748391360574
205,2.0129670845774124
206,1.9848704700102517
207,1.9569030458718073
208,1.9290818835438164
209,1.9014230880221186
210,1.8739418143666324
211,1.8466522874319207
212,1.8195678244089932
213,1.7927008597415661
214,1.7660629720136047
215,1.7396649124392418
216,1.7135166346201625
217,1.687627325269209
218,1.6620054356315765
219,1.6366587133663635
220,1.6115942346811436
221,1.5868184330708301
222,1.562337138233107
223,1.5381556055082688
224,1.5142785466809296
225,1.490710161191752
226,1.4674541668766765
227,1.4445138301760585
228,1.421891995765889
229,1.3995911155689353
230,1.3776132771046667
231,1.355960231132321
232,1.3346334185641264
233,1.3136339757429836
234,1.2929594164218214
235,1.2726004741662447
236,1.2525478782038493
237,1.232793316517488
238,1.2133292980178179
239,1.1941490522544518
240,1.1752464401542342
241,1.1566158747482695
242,1.1382522509081228
243,1.1201508831784799
244,1.1023074508635349
245,1.0847179495946102
246,1.0673786497373747
247,1.0502860567764987
248,1.033436879300162
249,1.016828000209014
250,1.0004564506820732
251,0.9843193902397637
252,0.9684140850853682
253,0.9527378920130415
254,0.9372882436970459
255,0.9220626359031392
256,0.9070586163963601
257,0.8922737752690072
258,0.8777057371171073
259,0.8633521529024054
260,0.8492106950056495
261,0.8352790516423049
262,0.8215549225352174
263,0.8080360152923076
264,0.7947200423797467
265,0.7816047185798525
266,0.7686877599545164
267,0.7559669011018803
268,0.7434398479818365
269,0.7311043164129725
270,0.7189580208778785
271,0.7069986747339797
272,0.6952239906803008
273,0.6836316814411633
274,0.6722194606297583
275,0.6609850499469486
276,0.6499261620392082
277,0.6390405190146295
278,0.6283258488815604
279,0.6177798863268762
280,0.6074003712668165
281,0.5971850586236107
282,0.5871317138352846
283,0.5772381085839459
284,0.5675020303937263
285,0.5579212808506958
286,0.548493676644302
287,0.5392170424022227
288,0.5300892363575012
289,0.5211081260910772
290,0.5122715977125928
291,0.5035775565556545
292,0.49502392776587906
293,0.4866086568455583
294,0.478329710127984
295,0.47018507519063746
296,0.4621727612107914
297,0.4542907992671586
298,0.44653724259127053
299,0.43891016677221945
300,0.4314076699183315
301,0.4240278727791946
302,0.41676891883134604
303,0.40962897433073253
304,0.40260622833490195
305,0.3956988926976809
306,0.38890520203892165
307,0.38222341369171625
308,0.3756518076292962
309,0.36918868637364594
310,0.3628323748877379
311,0.35658122045308344
312,0.35043359253420187
313,0.344387882631423
314,0.33844250412335297
315,0.33259589210018714
316,0.3268465031889599
317,0.32119281537170735
318,0.31563332779744424
319,0.3101665605887472
320,0.3047910546436916
321,0.2995053714337865
322,0.29430809279851655
323,0.2891978207370203
324,0.28417317719738444
325,0.2792328038640146
326,0.27437536194344897
327,0.26959953194899355
328,0.26490401348448456
329,0.26028752502746966
330,0.25574880371207803
331,0.2512866051118001
332,0.24689970302239295
333,0.24258688924510202
334,0.23834697337036914
335,0.23417878256218055
336,0.23008116134318662
337,0.22605297138073116
338,0.22209309127388707
339,0.21820041634160728
340,0.21437385841207712
341,0.2106123456133522
342,0.20691482216534904
343,0.20328024817325693
344,0.19970759942242727
345,0.1961958671747943
346,0.19274405796687036
347,0.18935119340935488
348,0.18601630998840388
349,0.1827384588685766
350,0.179516705697494
351,0.176350130412205
352,0.17323782704738047
353,0.17017890354526644
354,0.167172481567418
355,0.1642176963082475
356,0.16131369631039044
357,0.1584596432818144
358,0.15565471191502236
359,0.15289808970785787
360,0.1501889767862264
361,0.14752658572867347
362,0.14491014139281824
363,0.14233888074363987
364,0.13981205268361993
365,0.13732891788473137
366,0.1348887486222827
367,0.13249082861060366
368,0.1301344528405733
369,0.1278189274189851
370,0.12554356940974062
371,0.12330770667686933
372,0.12111067772936229
373,0.11895183156781663
374,0.1168305275328815
375,0.11474613515549342
376,0.11269803400889636
377,0.1106856135624341
378,0.108708273037106
379,0.10676542126287518
380,0.10485647653771894
381,0.10298086648840836
382,0.10113802793300893
383,0.09932740674508807
384,0.09754845771961748
385,0.09580064444055966
386,0.09408343915012488
387,0.09239632261968667
388,0.09073878402234184
389,0.08911032080710397
390,0.08751043697224911
391,0.08593864741103444
392,0.08439447367477909
393,0.08287744510316841
394,0.08138709870641538
395,0.07992297904897187
396,0.07848463813477809
397,0.0770716352940342
398,0.07568353707148104
399,0.07431991711617511
400,0.0729803560727437
