0,10.0
1,9.991482232116145
2,9.971382206577863
3,9.94122547488926
4,9.902262692848051
5,9.855548197022127
6,9.8019899174128
7,9.74238178655615
8,9.677425344391704
9,9.607744880229568
10,9.533898516945342
11,9.456386802522996
12,9.375659600001654
13,9.292121930382608
14,9.206138898124491
15,9.118039999783692
16,9.028122906303274
17,8.93665679212367
18,8.84388531332254
19,8.750029130027196
20,8.655288309929736
21,8.559844354998404
22,8.463862029488576
23,8.367490986443684
24,8.270867216584504
25,8.174114341014073
26,8.077344765538879
27,7.980660713261616
28,7.8841551501818214
29,7.787912616269548
30,7.692009968906915
31,7.596517056259854
32,7.5014973226827335
33,7.407008355220719
34,7.31310237762712
35,7.219826697539844
36,7.127224111791431
37,7.0353332742463035
38,6.944189030053949
39,6.853822719766661
40,6.764262456385484
41,6.675533378060415
42,6.587657878873662
43,6.500655819872346
44,6.4145447222848695
45,6.329339944640343
46,6.245054845166357
47,6.1617009315929385
48,6.079287998547839
49,5.997824254144487
50,5.917316436801732
51,5.83776992316917
52,5.759188827910711
53,5.681576096061355
54,5.604933588599006
55,5.5292621618081075
56,5.4545617409538645
57,5.3808313887341725
58,5.308069368930322
59,5.236273205636611
60,5.165439738412429
61,5.0955651736679055
62,5.0266451325651085
63,4.958674695690981
64,4.891648444735011
65,4.825560501383971
66,4.760404563627598
67,4.696173939652401
68,4.632861579486039
69,4.570460104541109
70,4.508961835867418
71,4.448358817862913
72,4.388642844330593
73,4.329805480211517
74,4.2718380824761475
75,4.214731819592337
76,4.15847768965503
77,4.103066537256512
78,4.048489069170543
79,3.9947358689185046
80,3.941797410280943
81,3.889664069813558
82,3.8383261384227874
83,3.787773832841359
84,3.7379973063097087
85,3.6889866535885827
86,3.6407319219738716
87,3.593223118409029
88,3.5464502165421026
89,3.5004031629839627
90,3.455071882954851
91,3.410446285349505
92,3.366516267249545
93,3.3232717179099636
94,3.2807025222452104
95,3.2387985638390338
96,3.197549727500917
97,3.1569459013910612
98,3.1169769787348613
99,3.077632859147051
100,3.038903449585166
101,3.0007786649513974
102,2.9632484283616964
103,2.926302671100792
104,2.889931332360076
105,2.8541243583763967
106,2.8188717018118403
107,2.7841633215311306
108,2.7499891804632446
109,2.7163392429230075
110,2.6832034739258406
111,2.6505718373476075
112,2.618434293963149
113,2.586780799391503
114,2.5556013019780917
115,2.5248857406465923
116,2.49462404275595
117,2.464806122001044
118,2.4354218763986646
119,2.406461186404019
120,2.377913913206751
121,2.3497698972592196
122,2.322018957094037
123,2.2946508884918972
124,2.2676554640651
125,2.2410224333262914
126,2.2147415233161745
127,2.1888024398678283
128,2.163194869461861
129,2.137908482037426
130,2.1129329362686704
131,2.088257884044399
132,2.0638729719133946
133,2.0397678509462627
134,2.015932184139816
135,1.9923556578520247
136,1.9690279907897577
137,1.9459389469293926
138,1.9230783493939017
139,1.9004360959221096
140,1.878002175965722
141,1.855766689432217
142,1.8337198670713897
143,1.8118520924800117
144,1.7901539256730754
145,1.7686161281412691
146,1.747229689283239
147,1.725985854067946
148,1.7048761517477882
149,1.683892425407532
150,1.663026862098395
151,1.6422720232716594
152,1.6216208751929664
153,1.6010668188616057
154,1.5806037195641653
155,1.560225935561621
156,1.539928343699922
157,1.519706363954906
158,1.499555982054237
159,1.479473768846718
160,1.4594568978337596
161,1.4395031541238643
162,1.4196109469344562
163,1.3997793128281837
164,1.3800079158627383
165,1.3602970431687802
166,1.3406475958608781
167,1.3210610752597802
168,1.3015395644803125
169,1.2820857055159618
170,1.2627026720263814
171,1.2433941381059321
172,1.2241642433776245
173,1.2050175548159043
174,1.1859590257519195
175,1.16699395255507
176,1.1481279280863903
177,1.1293667932168534
178,1.110716598221767
179,1.0921835503782584
180,1.073773968321757
181,1.05549423256862
182,1.037350743963881
183,1.019349879760148
184,1.00149795257183
185,0.9838011720043164
186,0.9662656089077897
187,0.9488971625493051
188,0.9317015308608211
189,0.9146841838669536
190,0.8978503403450137
191,0.8812049477222095
192,0.864752665171514
193,0.8484978498291145
194,0.8324445460228513
195,0.8165964775146122
196,0.8009570420484894
197,0.785529308589939
198,0.7703160167661162
199,0.7553195797970228
200,0.7405420875975739
201,0.7259853122487261
202,0.711650714989119
203,0.697539454528293
204,0.6836523960621197
205,0.6699901230502566
206,0.6565529468755604
207,0.6433409191767145
208,0.6303538440988331
209,0.6175912908768502
210,0.6050526066292615
211,0.5927369292525134
212,0.580643200318651
213,0.5687701778908258
214,0.5571164491826042
215,0.5456804429978535
216,0.5344604418979995
217,0.5234545940528661
218,0.512660924739919
219,0.5020773474646253
220,0.4917016746818566
221,0.48153162948009454
222,0.4715648532062701
223,0.4617989155244111
224,0.4522313237284687
225,0.44285953135309974
226,0.43368094636943544
227,0.4246929389741885
228,0.4158928489814207
229,0.4072779928263329
230,0.39884567018948197
231,0.3905931702476708
232,0.38251777754565536
233,0.3746167781180447
234,0.3668867325814083
235,0.35932279776386133
236,0.35192019884999254
237,0.34467445099566
238,0.3375813221328752
239,0.33063681013246715
240,0.3238371219679876
241,0.31717865477940493
242,0.3106579787192407
243,0.3042718214557314
244,0.298017054204912
245,0.29189067916467243
246,0.28588981907142197
247,0.28001170549807053
248,0.2742536704204778
249,0.2686131381723541
250,0.26308761758898747
251,0.2576746972702773
252,0.25237203797249214
253,0.24717736799892057
254,0.24208847853749715
255,0.2371032194867918
256,0.23221949571754125
257,0.22743526365231997
258,0.22274852866256198
259,0.21815734143920143
260,0.21365979656162026
261,0.20925402992593806
262,0.20493821677403662
263,0.2007105698973284
264,0.19656933797411097
265,0.19251280399920753
266,0.18853928457337826
267,0.18464714586298836
268,0.1808347572897991
269,0.17710053074656754
270,0.17344290778381485
271,0.16986035888461207
272,0.16635138281080067
273,0.162914506011324
274,0.15954828208403496
275,0.15625129216543487
276,0.1530221422451226
277,0.1498594641661214
278,0.14676191545096248
279,0.14372817857179138
280,0.14075695900330334
281,0.13784698986075866
282,0.1349970280901812
283,0.13220585108283223
284,0.12947226119387706
285,0.1267950837389426
286,0.12417316666990999
287,0.12160537825687924
288,0.11909061294075768
289,0.11662778464184984
290,0.11421582859281723
291,0.11185370102672758
292,0.10954037882349987
293,0.10727485918198058
294,0.10505615928471837
295,0.10288331596241032
296,0.10075538535842112
297,0.09867144259378983
298,0.09663058143314651
299,0.09463191395194984
300,0.09267457020544749
301,0.090757697899734
302,0.0888804620652627
303,0.08704204473313736
304,0.0852416446144835
305,0.0834784767831681
306,0.08175177236210902
307,0.08006077821338811
308,0.07840475663235412
309,0.07678298504587212
310,0.07519475571486238
311,0.07363937544123544
312,0.07211616527932176
313,0.07062446025186492
314,0.06916360907063768
315,0.0677329738617203
316,0.06633192989546664
317,0.06495986532117112
318,0.06361618090643882
319,0.06230028978124703
320,0.06101161718668449
321,0.05974960022833829
322,0.05851368763429832
323,0.057303339517738555
324,0.05611802714402835
325,0.05495723270233079
326,0.05382044908162754
327,0.05270717965111949
328,0.05161693804494049
329,0.05054924795112306
330,0.049503642904755014
331,0.04847966608525884
332,0.04747687011772933
333,0.046494816878262124
334,0.045533077303205854
335,0.04459123120226973
336,0.04366886707541717
337,0.042765581933480346
338,0.041880981122424554
339,0.04101467815119669
340,0.040166294523089764
341,0.03933545957055779
342,0.038521810293413734
343,0.03772499120034602
344,0.036944654153688854
345,0.036180458217383166
346,0.03543206950806425
347,0.034699161049214236
348,0.0339814126283204
349,0.03327851065697579
350,0.03259014803386326
351,0.03191602401055264
352,0.0312558440600988
353,0.03060931974834285
354,0.029976168607866588
355,0.029356114014552098
356,0.028748885066691907
357,0.028154216466576124
358,0.027571848404592068
359,0.027001526445659865
360,0.02644300141803372
361,0.025896029304404485
362,0.02536037113525551
363,0.024835792884424404
364,0.024322065366826406
365,0.023818964138292827
366,0.02332626939748342
367,0.022843765889827762
368,0.022371242813454654
369,0.021908493727068688
370,0.021455316459732855
371,0.021011513022518847
372,0.020576889521985366
373,0.020151256075447353
374,0.019734426727999126
375,0.019326219371254276
376,0.018926455663767723
377,0.018534960953104702
378,0.018151564199522522
379,0.017776097901231896
380,0.01740839802120508
381,0.017048303915498452
382,0.01669565826305881
383,0.016350306996982204
384,0.01601209923719519
385,0.015680887224529358
386,0.01535652625616003
387,0.015038874622381015
388,0.014727793544687562
389,0.01442314711514074
390,0.014124801344369057
391,0.013832626730393198
392,0.013546495628686785
393,0.013266283034912679
394,0.012991866530310302
395,0.012723126228212747
396,0.01245994472167062
397,0.012202207032159474
398,0.011949800559348448
399,0.011702615031908118
400,0.011460542459336039
