0,0.0
1,0.03752477567489597
2,0.07278205541936568
3,0.10591891306805487
4,0.13707838122501229
5,0.16639715536140975
6,0.1940041947804017
7,0.22001999440278555
8,0.2445563230553948
9,0.26771630125189694
10,0.2895946924429927
11,0.31027833775965896
12,0.3298466623115905
13,0.34837223396443456
14,0.3659213168725221
15,0.3825544189140663
16,0.3983268154168771
17,0.4132890397000019
18,0.4274873439817852
19,0.44096410015638343
20,0.4537581963659006
21,0.4659053756825541
22,0.47743854656224166
23,0.4883880618836966
24,0.4987819690839011
25,0.5086462342413938
26,0.518004942370458
27,0.5268804764254441
28,0.5352936773387765
29,0.5432639871567215
30,0.550809576229364
31,0.557947457881219
32,0.5646935907278534
33,0.571062970346018
34,0.5770697114884197
35,0.5827271219001154
36,0.588047768672809
37,0.5930435379654166
38,0.5977256888232858
39,0.6021049017433953
40,0.606191322557699
41,0.6099946021405018
42,0.6135239323873887
43,0.6167880788618725
44,0.6197954104607672
45,0.622553926411839
46,0.6250712809221316
47,0.6273548055335845
48,0.6294115297444596
49,0.6312481997603379
50,0.6328712957013963
51,0.6342870474240402
52,0.6355014490738439
53,0.6365202724934507
54,0.6373490795960529
55,0.6379932338035211
56,0.6384579106379454
57,0.6387481075461633
58,0.638868653028659
59,0.6388242151368666
60,0.6386193093963619
61,0.6382583062075324
62,0.6377454377700404
63,0.6370848045726659
64,0.6362803814858351
65,0.6353360234903407
66,0.6342554710722912
67,0.633042355311257
68,0.6317002026857611
69,0.6302324396177982
70,0.6286423962927026
71,0.6269333122682517
72,0.6251083387243807
73,0.6231705427125465
74,0.621122910648938
75,0.6189683516366955
76,0.6167097006271566
77,0.614349721429155
78,0.6118911095744543
79,0.6093364950466342
80,0.6066884448800497
81,0.603949465634887
82,0.6011220057537959
83,0.5982084576182953
84,0.5952111595234678
85,0.5921323986909662
86,0.5889744124457371
87,0.5857393902280709
88,0.5824294752756524
89,0.5790467662781884
90,0.5755933189477455
91,0.5720711475087027
92,0.5684822261112243
93,0.5648284901722923
94,0.5611118376484253
95,0.5573341302443755
96,0.55349719456224
97,0.5496028231956068
98,0.5456527757735401
99,0.5416487799594023
100,0.5375925324097056
101,0.5334856996983685
102,0.5293299192119475
103,0.5251268000215689
104,0.5208779237199777
105,0.5165848453205407
106,0.5122490940354277
107,0.5078721739941772
108,0.5034555652243983
109,0.4990007246748305
110,0.4945090869338403
111,0.4899820651330145
112,0.4854210518819225
113,0.48082742023963654
114,0.47620252472830543
115,0.4715477023936979
116,0.46686427391718616
117,0.4621535447831121
118,0.4574168065048864
119,0.4526553379124636
120,0.44787040650307525
121,0.4430632698562358
122,0.4382351771130851
123,0.4333873705190974
124,0.42852108702805725
125,0.4236375599639959
126,0.41873802073648886
127,0.4138237006033441
128,0.40889583247920114
129,0.4039556527679472
130,0.3990044030553576
131,0.3940433319760941
132,0.3890736975819143
133,0.3840967688086534
134,0.3791138273534262
135,0.374126169204706
136,0.3691351065221449
137,0.3641419691421732
138,0.35914810603211106
139,0.35415488660133865
140,0.3491637018450933
141,0.34417596529585764
142,0.3391931137569922
143,0.33421660779329526
144,0.3292479319535783
145,0.3242885947011618
146,0.31934012802947426
147,0.31440408674167947
148,0.30948204737551893
149,0.30457560675731943
150,0.2996863801723924
151,0.29481599914285167
152,0.2899661088081317
153,0.28513836493133465
154,0.2803344304461381
155,0.27555597149231287
156,0.27080465347952365
157,0.26608213668327924
158,0.2613900712735615
159,0.2567300921828675
160,0.2521038135112032
161,0.24751282396490767
162,0.24295868009975513
163,0.2384429008697248
164,0.23396696177399487
165,0.2295322890137047
166,0.22514025371674676
167,0.22079216628911985
168,0.2164892709506014
169,0.21223274051071817
170,0.20802367143819017
171,0.20386307927329725
172,0.19975189442800848
173,0.19569095841336276
174,0.19168102052759042
175,0.18772273503199224
176,0.18381665869991487
177,0.17996324896369612
178,0.17616286333958586
179,0.17241575817088733
180,0.16872208855510515
181,0.16508190825954264
182,0.16149517086847084
183,0.15796173091309618
184,0.15448134554317902
185,0.15105367661077376
186,0.14767829311570863
187,0.14435467397947133
188,0.14108221110808358
189,0.13786021270355112
190,0.13468790678312315
191,0.13156444486581279
192,0.12848890578636069
193,0.1254602995980054
194,0.12247757152696445
195,0.11953960591917724
196,0.11664523023333088
197,0.11379321891652976
198,0.11098229717114218
199,0.10821114489302186
200,0.10547840014302906
201,0.10278266260219557
202,0.10012249686059696
203,0.09749643552315004
204,0.09490298235370025
205,0.09234061422877221
206,0.08980778439487191
207,0.08730292443987252
208,0.0848244462992032
209,0.08237074401663812
210,0.07994019525426807
211,0.07753116254732752
212,0.07514199430055449
213,0.07277102552378305
214,0.0704165783055452
215,0.06807696202474443
216,0.06575047330203689
217,0.06343539569465675
218,0.061129999141241516
219,0.05883253916706039
220,0.056541255865325275
221,0.05425437372358213
222,0.05197009845800396
223,0.04968661602281119
224,0.04740209125143543
225,0.04511466629364582
226,0.042822459178936435
227,0.04052356264982343
228,0.038216043452001185
229,0.035897942321982707
230,0.033567274978615946
231,0.031222034504448312
232,0.028860195591765107
233,0.02648500534380939
234,0.02424559098396233
235,0.02219781301545162
236,0.020325163544305518
237,0.01861257647692212
238,0.017046281392351013
239,0.015613693091288457
240,0.01430331031332933
241,0.013104622920537802
242,0.012008026883260364
243,0.011004746445602969
244,0.010086762889707756
245,0.009246749358950902
246,0.008478013157388789
247,0.007774437351977414
248,0.007130432651078034
249,0.006540892042065926
250,0.0060011478196385784
251,0.0055069376484937925
252,0.005054365480326975
253,0.0046398712458206055
254,0.0042602018017825986
255,0.003912384385027584
256,0.0035937023581862682
257,0.00330167294298975
258,0.0030340275969704318
259,0.002788692067765574
260,0.0025637710729646862
261,0.0023575322049740185
262,0.002168391830436003
263,0.001994902198966621
264,0.001835739649989274
265,0.001689693822934448
266,0.0015556582629082136
267,0.0014326331525830877
268,0.0013196832187973386
269,0.0012159625009934678
270,0.0011206972669730389
271,0.0010331797827555318
272,0.0009527626225208979
273,0.0008788534717905768
274,0.0008109103810502566
275,0.0007484365302367505
276,0.0006909793150493268
277,0.0006381231620822234
278,0.000589487800783839
279,0.000544725071364755
280,0.0005035157666142236
281,0.00046556847816218267
282,0.0004306162209066191
283,0.00039841370088113164
284,0.00036873660694218004
285,0.0003413794135342991
286,0.0003161537798224809
287,0.00029288731891785944
288,0.0002714215576702373
289,0.0002516114209331184
290,0.00023332387302299031
291,0.00021643690718312205
292,0.0002008386015619751
293,0.00018642626991230866
294,0.00017310568178123003
295,0.00016079034958045127
296,0.00014940087674382777
297,0.00013886436168363502
298,0.00012911385271748615
299,0.00012008784955805321
300,0.00011172984734140497
301,0.00010398791951990483
302,9.681433626525723e-05
303,9.016521531899053e-05
304,8.400020249395183e-05
305,7.828217927340373e-05
306,7.297699517614891e-05
307,6.805322275856946e-05
308,6.348193330926617e-05
309,5.923649146064453e-05
310,5.5292367095783796e-05
311,5.16269630694143e-05
312,4.8219457390138724e-05
313,4.505065862809308e-05
314,4.210287341915028e-05
315,3.935978503432609e-05
316,3.680634207212349e-05
317,3.442865641286384e-05
318,3.221390964829697e-05
319,3.0150267267550936e-05
320,2.822679994238201e-05
321,2.64334113111766e-05
322,2.4760771712766776e-05
323,2.320025736823118e-05
324,2.1743894551883426e-05
325,2.0384308331959106e-05
326,1.9114675497388406e-05
327,1.7928681319843173e-05
328,1.6820479830184383e-05
329,1.5784657315799928e-05
330,1.4816198770319211e-05
331,1.3910457050023198e-05
332,1.3063124512141476e-05
333,1.2270206929295103e-05
334,1.152799949177308e-05
335,1.0833064725257976e-05
336,1.0182212166176336e-05
337,9.572479650162676e-06
338,9.0011160812903e-06
339,8.465565560852654e-06
340,7.963452764651744e-06
341,7.492569467056143e-06
342,7.0508621186009925e-06
343,6.636420391688643e-06
344,6.247466616070572e-06
345,5.882346032307929e-06
346,5.539517797371064e-06
347,5.217546681995885e-06
348,4.915095404411492e-06
349,4.630917549623691e-06
350,4.363851027601086e-06
351,4.112812027445718e-06
352,3.8767894288145264e-06
353,3.65483963395571e-06
354,3.4460817873551012e-06
355,3.249693352628649e-06
356,3.0649060187119897e-06
357,2.891001909646273e-06
358,2.7273100744360945e-06
359,2.5732032351613057e-06
360,2.428094773468567e-06
361,2.2914359370772282e-06
362,2.1627132494181697e-06
363,2.041446106873785e-06
364,1.9271845493250473e-06
365,1.8195071908463722e-06
366,1.7180192984323646e-06
367,1.6223510075965134e-06
368,1.5321556645614226e-06
369,1.447108285567253e-06
370,1.3669041245664257e-06
371,1.2912573412544576e-06
372,1.2198997620127162e-06
373,1.1525797269149564e-06
374,1.0890610164787463e-06
375,1.029121852329627e-06
376,9.725539663940218e-07
377,9.191617336487433e-07
378,8.687613638342983e-07
379,8.211801478882905e-07
380,7.762557551766635e-07
381,7.338355778965215e-07
382,6.937761192971266e-07
383,6.559424226167957e-07
384,6.202075378651118e-07
385,5.864520237934191e-07
386,5.545634825934009e-07
387,5.244361250452103e-07
388,4.959703640041434e-07
389,4.6907243426956267e-07
390,4.43652614156293e-07
391,4.1962928744286325e-07
392,3.9692410284040474e-07
393,3.754632404780006e-07
394,3.5517713893683874e-07
395,3.360002395747682e-07
396,3.1787074698262856e-07
397,3.007304044957744e-07
398,2.8452428376042895e-07
399,2.692005874247742e-07
400,2.5471046408994693e-07
