0,1.05
1,1.052818743390663
2,1.0552992872063653
3,1.0574572602014527
4,1.0593074974773455
5,1.0608640196752146
6,1.0621400390837383
7,1.0631479850518326
8,1.0638995401635307
9,1.0644056838801923
10,1.0646767384066589
11,1.0647224154370203
12,1.06455186096364
13,1.0641736993426347
14,1.0635960732288394
15,1.0628266810499474
16,1.0618728114508602
17,1.0607413745406602
18,1.0594389310920929
19,1.05797171590827
20,1.0563456632311763
21,1.0545664268312047
22,1.0526393988066884
23,1.050569726530301
24,1.0483623279210983
25,1.0460219052800008
26,1.0435529578033855
27,1.0409597929409808
28,1.0382465367479183
29,1.0354171433583474
30,1.032475403506318
31,1.029424952526926
32,1.0262692776636904
33,1.0230117248224537
34,1.019655504834047
35,1.016203699280111
36,1.0126592659296318
37,1.0090250438277133
38,1.0053037580728748
39,1.0014980243145735
40,0.9976103529986874
41,0.9936431533852169
42,0.9895987373594766
43,0.9854793230554297
44,0.9812870383075716
45,0.977023923946453
46,0.9726919369627851
47,0.9682929534968785
48,0.9638287717596677
49,0.9593011148035812
50,0.9547116331916818
51,0.9500619075731469
52,0.9453534511660454
53,0.9405877121531859
54,0.9357660759962534
55,0.9308898676729993
56,0.9259603538418375
57,0.9209787449378516
58,0.9159461972039197
59,0.9108638146603985
60,0.905732651016588
61,0.9005537115270051
62,0.8953279547953268
63,0.8900562945287275
64,0.8847396012452067
65,0.8793787039364108
66,0.8739743916883584
67,0.8685274152624085
68,0.8630384886387518
69,0.8575082905246498
70,0.8519374657218703
71,0.8463266269109864
72,0.8406763557079907
73,0.8349872041798531
74,0.8292596962086993
75,0.823494328833463
76,0.8176915735710699
77,0.8118518777192139
78,0.8059756656427626
79,0.8000633400458448
80,0.7941152832316526
81,0.788131858351999
82,0.7821134106486589
83,0.776060268662947
84,0.7699727454472631
85,0.7638511399267698
86,0.7576957380194148
87,0.7515068138963787
88,0.7452846312061716
89,0.739029444314862
90,0.7327414995541142
91,0.7264210364789858
92,0.7200682891374055
93,0.7136834873532376
94,0.7072668580248038
95,0.7008186264407069
96,0.694339017614756
97,0.6878282576417597
98,0.6812865750759023
99,0.6747142023333671
100,0.668111377120818
101,0.6614783438912787
102,0.6548153553288869
103,0.6481226738639163
104,0.6414005732206522
105,0.6346493399932511
106,0.6278692752622481
107,0.6210606962100649
108,0.6142239378254757
109,0.6073593546637943
110,0.6004673225728923
111,0.5935482404878604
112,0.5866025322633621
113,0.5796306485437033
114,0.5726330686704331
115,0.5656103026270379
116,0.5585628930200318
117,0.5514914170954482
118,0.5443964887894212
119,0.5372787608111875
120,0.5301389267564562
121,0.5229777232486634
122,0.5157959321051716
123,0.5085943825249547
124,0.5013739532937636
125,0.49413557500215
126,0.48688023227108
127,0.47960896597913294
128,0.472322875490073
129,0.46502312085979053
130,0.457710924858805
131,0.45038757509898886
132,0.4430544266806101
133,0.43571290391618334
134,0.4283645023815204
135,0.4210107906891763
136,0.4136534124395018
137,0.4062940878925503
138,0.39893461554898885
139,0.39157687358187704
140,0.38422282109843703
141,0.3768744992095193
142,0.3695340318830429
143,0.36220362655631716
144,0.35488557448085734
145,0.3475822507720907
146,0.3402961141352982
147,0.33302970623823613
148,0.32578565070023
149,0.31856665166712417
150,0.3113754919413919
151,0.30421503063701133
152,0.2970882003294275
153,0.28999800371032686
154,0.2829475095723546
155,0.2759398479514517
156,0.26897820538436096
157,0.2620658193564647
158,0.25520597160554476
159,0.2484019810137071
160,0.24165719544379693
161,0.2349749852350489
162,0.22835873227027348
163,0.2218118210255338
164,0.21533762837760378
165,0.20893951285700668
166,0.20262080339217622
167,0.19638478759997713
168,0.1902346996876089
169,0.1841737080406508
170,0.17820490258143845
171,0.17233128199092262
172,0.16655574089536
173,0.16088105712643183
174,0.1553098791693943
175,0.14984471391844148
176,0.14448791429090405
177,0.13924166746391692
178,0.1341079875198578
179,0.12908870339258247
180,0.12418545056589322
181,0.1193996616921179
182,0.11473256134756096
183,0.11018516003526414
184,0.1057582498668585
185,0.10145240164417237
186,0.09726796327833458
187,0.09320505959737009
188,0.08926359354712024
189,0.08544324877184568
190,0.08174349354262037
191,0.07816358598399352
192,0.07470258053277665
193,0.07135933554757293
194,0.06813252197410888
195,0.06502063293731122
196,0.06202199421513327
197,0.059134775327655036
198,0.056357001123230714
199,0.053686564537375484
200,0.05112123876457931
201,0.04865868996768829
202,0.046296490058153
203,0.044032129429528666
204,0.0418630299371093
205,0.039786555963491
206,0.03780002768323831
207,0.035900732159961354
208,0.0340859343868104
209,0.03235288776926737
210,0.030698844003005925
211,0.02912106231046374
212,0.02761681801016259
213,0.026183410402598258
214,0.02481816996556009
215,0.0235184648599765
216,0.02228170675471466
217,0.02110535598521113
218,0.019986926066335283
219,0.018923987584522267
220,0.01791417149801372
221,0.016955173183977077
222,0.016044752273934093
223,0.015180735140715959
224,0.014361016454848618
225,0.013583560028512971
226,0.012846399276102156
227,0.01214763732684868
228,0.01148544682403198
229,0.01085806944403394
230,0.01026381516704696
231,0.009701061329605213
232,0.00916825147570515
233,0.008663896513637864
234,0.008186567282644996
235,0.007734886928271492
236,0.007307540997339391
237,0.006903278013427668
238,0.006520904962906872
239,0.006159285129919604
240,0.005817335958807361
241,0.005494026948796921
242,0.005188377585209069
243,0.004899455311021028
244,0.004626373542170743
245,0.004368289729545147
246,0.004124403703752685
247,0.0038939553915077318
248,0.0036762232145509275
249,0.0034705223827055432
250,0.003276203054268922
251,0.0030926492225403037
252,0.0029192766397831294
253,0.0027555314838627696
254,0.002600888907076642
255,0.0024548516402014106
256,0.002316948651095513
257,0.0021867338396724945
258,0.00206378490268986
259,0.0019477019172413523
260,0.0018381064576234534
261,0.0017346404092103951
262,0.0016369649301758236
263,0.0015447594566143396
264,0.001457720747349432
265,0.001375561965669175
266,0.0012980119188377023
267,0.0012248172732484861
268,0.001155733271669376
269,0.001090530880134057
270,0.0010289936292462182
271,0.0009709169460652026
272,0.0009161075192412998
273,0.0008643826959940192
274,0.0008155699095582208
275,0.0007695058832844745
276,0.0007260369641589351
277,0.0006850176425082596
278,0.0006463105260088555
279,0.0006097858497371457
280,0.0005753209061395958
281,0.0005428001530245292
282,0.0005121144635825172
283,0.00048316050702436493
284,0.00045584087868744073
285,0.0004300636166985275
286,0.0004057419021040748
287,0.0003827938550446563
288,0.00036114203250364697
289,0.0003407134005425099
290,0.00032143901895067043
291,0.0003032538175369638
292,0.0002860963773521119
293,0.00026990872867762374
294,0.00025463615886897476
295,0.00024022703073493448
296,0.0002266326108937826
297,0.00021380690757479972
298,0.00020170651735995968
299,0.0001902904803861254
300,0.00017952014355237804
301,0.00016935903130030057
302,0.0001597727235572648
303,0.00015072874045391252
304,0.0001421964334472447
305,0.00013414688249995254
306,0.00012655279898497878
307,0.0001193884340017364
308,0.00011262949180701937
309,0.00010625304807940371
310,0.0001002374727509892
311,9.456235715452363e-05
312,8.920844524754154e-05
313,8.415756868795204e-05
314,7.939258554773554e-05
315,7.489732246295259e-05
316,7.065652002924057e-05
317,6.665578126236314e-05
318,6.28815229532372e-05
319,5.9320929756177675e-05
320,5.5961910857964725e-05
321,5.279305908368274e-05
322,4.980361230322757e-05
323,4.698341700986546e-05
324,4.432289394932738e-05
325,4.181300568465887e-05
326,3.9445225988368595e-05
327,3.721151095946007e-05
328,3.510427176859517e-05
329,3.311634894002295e-05
330,3.124098808399228e-05
331,2.947181699816103e-05
332,2.7802824061065797e-05
333,2.622833784500367e-05
334,2.4743007879736563e-05
335,2.3341786502258993e-05
336,2.2019911731491577e-05
337,2.0772891110189806e-05
338,1.9596486459580727e-05
339,1.8486699495300606e-05
340,1.743975825608716e-05
341,1.645210429940492e-05
342,1.5520380620752656e-05
343,1.4641420255833064e-05
344,1.3812235527057272e-05
345,1.3030007898023383e-05
346,1.229207840165207e-05
347,1.1595938609593114e-05
348,1.093922211234247e-05
349,1.0319696481224138e-05
350,9.735255684979688e-06
351,9.183912935081383e-06
352,8.663793936380899e-06
353,8.17313051936788e-06
354,7.710254632619227e-06
355,7.273592675162933e-06
356,6.861660149540337e-06
357,6.47305661739511e-06
358,6.1064609406496684e-06
359,5.760626791874899e-06
360,5.4343784187853735e-06
361,5.126606648456529e-06
362,4.836265117701995e-06
363,4.562366716817794e-06
364,4.303980234624046e-06
365,4.060227193415238e-06
366,3.830278863075979e-06
367,3.6133534442240784e-06
368,3.408713410817251e-06
369,3.215663003200221e-06
370,3.0335458630785232e-06
371,2.8617428023876316e-06
372,2.6996696984792705e-06
373,2.54677550847612e-06
374,2.4025403960501082e-06
375,2.2664739642607174e-06
376,2.138113588450342e-06
377,2.017022843532821e-06
378,1.9027900203318665e-06
379,1.7950267259284824e-06
380,1.6933665632616035e-06
381,1.5974638854952296e-06
382,1.506992620919504e-06
383,1.4216451643923762e-06
384,1.3411313315546084e-06
385,1.2651773722642275e-06
386,1.1935250398974466e-06
387,1.1259307133530357e-06
388,1.0621645687760103e-06
389,1.0020097981855865e-06
390,9.452585691169236e-07
391,8.917215415329357e-07
392,8.412166767168511e-07
393,7.935722456090831e-07
394,7.486262449467117e-07
395,7.062258464663802e-07
396,6.662268772986151e-07
397,6.284933297872045e-07
398,5.928968990676066e-07
399,5.593165468324037e-07
400,5.276380898010246e-07
